3.847024068534125180e-02
4.586181542714818371e-01
6.485165583730793104e-01
1.269728525563527388e-01
1.515582387268830239e-02
3.052272731555972021e-03
4.909354022217893535e-15
5.881722678049805531e-01
1.437158699694994213e-01
2.221437821191117427e-03
4.825236324763200815e-03
1.530221488089555382e-01
4.410435608705064094e-04
2.507951661055582981e-01
6.871213759358859909e-06
5.985652556233522076e-02
1.561910859937056528e-01
6.519506711566085411e-01
2.461539796804066704e-01
3.054998126041861758e-02
1.039273365175226276e-02
4.176901039599385107e-02
6.210880017955445753e-01
5.630850941072650384e-01
9.785563975376979085e-02
1.862427915540835199e-01
9.089880965688138231e-04
2.953370347818290789e-02
2.773450978516114884e-02
1.667504096873017871e-01
2.350720445504552586e-02
2.060245492746469453e-01
5.140497039589551204e-02
1.509710509566286052e-01
7.692798505849700319e-02
3.506079123601056335e-01
5.036792910450419575e-02
9.633268124774194696e-01
3.854230669040470403e-01
9.807506014896791302e-02
1.784282213950897089e-01
9.371051850205992517e-01
2.315012817704857617e-01
1.135661988807738082e-01
1.191977546556683449e-06
5.941055974388681493e-02
4.426530176832693120e-01
7.138187257199070379e-02
6.138028498557315110e-02
6.344876439943744062e-01
8.145975753126567520e-01
5.227970576460850838e-01
6.070236554813336349e-01
9.139567169184754647e-01
7.768343721724535467e-01
9.938622838710194918e-01
5.969980564009682578e-01
5.604222498550686105e-01
8.856354147728258130e-01
9.127348835247713899e-01
9.616746476103821273e-01
8.744716832816729069e-01
3.452494423077560604e-01
9.902068668870562806e-01
9.349750802208585121e-01
9.729050638879536139e-01
9.460575018000101366e-01
7.606314165831279395e-01
8.000558103042400004e-01
9.410787784318747073e-01
9.953075879528069381e-01
6.920281623211648192e-01
9.081418218252150787e-01
8.714818132010117013e-01
9.475942437786726291e-01
9.375424709219859487e-01
9.908185402435376599e-01
9.263747590558671918e-01
9.895570182626083344e-01
6.040183095683452352e-01
3.051399899240277991e-01
9.946710420996680568e-01
9.009613332310000278e-01
9.867441356179780243e-01
9.012301225611609734e-01
9.656321380062800053e-01
9.693301997572233430e-01
9.135680333350161275e-01
9.356112987635184508e-01
8.652346359620135541e-01
5.955460029459096472e-01
8.233140825520304240e-01
7.916148137681414676e-01
8.243916426067000591e-01
9.214254053272882272e-01
9.422209211042331667e-01
9.649026321085074631e-01
9.255632931816960562e-01
9.461846545197052372e-01
8.293872803295125884e-01
