1.345366882077919136e-03
2.809549181844963051e-01
3.191885624361780194e-02
2.334472392678869565e-02
7.163437748878571931e-03
1.008346214576845562e-01
2.219055751479473426e-02
1.791096236840912601e-03
2.410951122356427834e-02
5.553670783008096690e-02
1.070202543574575674e-03
1.035127919056599982e-01
1.586170183301189446e-02
8.476339489893338838e-03
3.900945142782935170e-04
5.536188839226420244e-01
2.309672721724077282e-01
1.434542358812916033e-04
3.232891859617097879e-02
2.743416509574840567e-02
4.316435300531899777e-02
7.125953675153007478e-04
4.442786571805967810e-03
1.166533657333455529e-02
1.968320186772414548e-01
2.117679817051958402e-01
3.084622492668590565e-01
4.996354225043674879e-01
8.838709660081811581e-02
1.806245219975712371e-02
5.817617277190465647e-02
9.322223072370550145e-01
9.088443475866707644e-01
1.184577434157313286e-01
2.211512256058140863e-02
1.863876763655387394e-03
9.106850917452318644e-03
5.949189646499166394e-03
7.975147627362965536e-03
1.828404255049980442e-01
2.899444128216604674e-02
1.527165879658999104e-03
8.219141834959192705e-02
5.864741301602376805e-02
3.938843162844324862e-03
2.705486468639177189e-01
1.777627654205194696e-01
1.380372085734285666e-02
2.354315032320955915e-04
1.829671679833530171e-02
9.849032081161679386e-01
9.892529814587680548e-01
9.967743584661934442e-01
5.915415983445680981e-01
7.369957038070175104e-01
4.911356931650459612e-01
6.550673668998956145e-02
5.648501361515156916e-01
9.937043319818336107e-01
9.990879375841784649e-01
7.680281550961205461e-01
9.985994416164889476e-01
9.458762283870311149e-01
8.735691763836284096e-01
2.200698700014053766e-01
9.946602579598589067e-01
9.215867184296768766e-01
9.977108628288167136e-01
9.945676026438335926e-01
4.131863279123996757e-01
9.898960644148473431e-01
9.967216960484309718e-01
9.998249193427751758e-01
9.881758442012108512e-01
7.612621177766666358e-01
7.598632063024076677e-01
9.959113687840585039e-01
9.904451611351010598e-01
9.608690026396067285e-01
9.297008608349701664e-01
2.295505254651737104e-01
9.664719844445710528e-01
6.908482180538235706e-01
8.981924406020102003e-01
9.992209829816878219e-01
9.942488263740415499e-01
9.442388999087106827e-01
9.945720701315775569e-01
9.905583333407512736e-01
7.281444610752466629e-01
9.398168710255030422e-01
9.429734052517703136e-01
4.354577169786174040e-01
9.994614214391417395e-01
9.435156504243112918e-01
8.902699178125316193e-01
9.869580674244201601e-01
9.954495547021166013e-01
9.996324759352633871e-01
9.369779613238508054e-01
