1.122395837187702833e-03
2.850577594309010032e-01
2.987461295368974007e-02
2.159374732841114891e-02
6.421953385316751806e-03
9.966059062526914925e-02
2.054818065223731546e-02
1.497259888685417923e-03
2.237078231070043291e-02
5.316242409695828841e-02
8.852684706678369889e-04
1.013567703555261629e-01
1.459330243643722040e-02
7.544412384790220860e-03
3.139241713751797112e-04
5.680007358738600187e-01
2.333994686451646705e-01
1.103694003856578963e-04
3.034960893413154656e-02
2.548345921541306930e-02
4.088918650298092178e-02
5.813985227739530389e-04
3.865195399149305711e-03
1.048479805851023662e-02
1.976863673340246985e-01
2.132238519326382087e-01
3.146446900545677439e-01
5.129215327399584412e-01
8.597635497060979182e-02
1.654448278557450400e-02
5.594023841986437567e-02
9.413127279612262255e-01
9.193952428936936760e-01
1.167248893571840862e-01
2.038536308545657941e-02
1.575773976640598185e-03
8.163686839669228104e-03
5.245275609362585328e-03
7.084969364615732561e-03
1.820934384754123447e-01
2.709171887940776957e-02
1.276111044031986519e-03
7.988861273839252541e-02
5.635238767058388387e-02
3.408698669846964291e-03
2.745658850368308812e-01
1.779691999251463430e-01
1.247819082704255782e-02
1.843393744236715903e-04
1.678259833198053955e-02
9.877135412247258772e-01
9.913311828780978496e-01
9.975135566510847651e-01
6.084478357028196838e-01
7.541124016170268618e-01
5.050427575265419300e-01
6.330049340365025146e-02
5.804186747258921475e-01
9.950174538945798508e-01
9.993315840400084360e-01
7.855252878720674348e-01
9.989482494782000455e-01
9.537145822645883841e-01
8.865974343359251941e-01
2.213223484726413448e-01
9.958350552474262152e-01
9.316679566211539809e-01
9.982581982607166005e-01
9.957418939289096604e-01
4.226928324658043579e-01
9.918581203962861803e-01
9.974623963677079486e-01
9.998778969987949239e-01
9.905053393324255717e-01
7.774390087503371127e-01
7.773152632172583010e-01
9.968230031508257261e-01
9.923259478330082040e-01
9.664855177504605432e-01
9.387761611328586664e-01
2.316885721619620919e-01
9.717913036676180116e-01
7.090723553925509792e-01
9.102080270923399441e-01
9.994294885187823274e-01
9.954922326694711776e-01
9.524477917297876628e-01
9.957167445938246431e-01
9.924785256771956332e-01
7.462348616447027627e-01
9.479347835961972057e-01
9.506539715016988357e-01
4.462658874373676143e-01
9.996114207519498640e-01
9.509935402749082334e-01
9.027772594088235847e-01
9.894315844910477331e-01
9.964425757169610431e-01
9.997382747024780025e-01
9.457444829601270309e-01
