1.281252668965931762e-01
1.726286496991658330e-04
2.606745312756054500e-05
6.696202299430150436e-05
2.102308247239379846e-04
2.092892406713463965e-03
5.703585279740522578e-04
5.607845784397088117e-08
5.839429477832126444e-04
4.059850209188000648e-06
1.085996698667787268e-04
2.949788844163015811e-04
1.862024332825909945e-03
3.459238182473327252e-04
4.731792035794378168e-06
8.443285773661528271e-02
2.056123225203179705e-05
1.436803090933491144e-05
2.056247438553647153e-03
1.486163429485545609e-06
6.688829869509863068e-07
8.804524525850121030e-04
4.801583385310965535e-04
1.146815681280062386e-02
1.369800539586784609e-07
4.242129376676751348e-08
2.321348705028928970e-05
1.685934467832547051e-02
1.583175408642476783e-05
9.293944938544019818e-01
4.146551669533139056e-03
2.766361498813989033e-05
8.665252192380963944e-07
1.299010772307060750e-05
5.470817150861169258e-03
1.126330945272957171e-03
3.172332251533844377e-02
4.271653931449169717e-01
4.486208492847139909e-05
1.106516705286431737e-05
1.031039194220143311e-03
2.448322846237240881e-05
1.994423308860375592e-06
3.157756345676824682e-03
5.533208493111232555e-05
3.753251428470119611e-03
2.468423887350887093e-06
2.752362965647479336e-08
1.703741697932135524e-04
9.586992460108904046e-01
1.276080047082575868e-03
2.766462437730167132e-02
8.692133903273562866e-06
1.430848538051916145e-03
1.460550670045706462e-02
6.612666874496473250e-07
5.372327358718286504e-04
7.193730898421348561e-04
1.163977819818191482e-03
1.116355321076079461e-04
3.354792836826892824e-04
2.548873050059346062e-05
7.520470867714221797e-01
9.974952143731928844e-01
9.707077927715660470e-01
8.011183906130562304e-01
7.794146515477107240e-01
9.928068599356532076e-01
9.444963577329679172e-01
9.995912457763210801e-01
9.999631896114150598e-01
9.987757323955976929e-01
9.971670574224127392e-01
9.813085607090296092e-01
9.957093462280832696e-01
7.462508814004000790e-01
9.829993797004300538e-01
9.795258519503631245e-01
9.985516788431157975e-01
5.074759404506099525e-01
9.927710388104136197e-01
9.999650659711528666e-01
9.986710607392800254e-01
9.926976570139806055e-01
9.611373011904522645e-01
6.592806509947607418e-01
9.889545394704168935e-01
9.964442490450831080e-01
9.998440650551898567e-01
9.838096405248885068e-01
8.025539085768351732e-01
9.928234639965988206e-01
9.573745158292562563e-01
9.957446970256105256e-01
9.521113965907818111e-01
9.998327330688954184e-01
9.986982103249482101e-01
9.244097131699144931e-01
9.997098204467398386e-01
9.994203339665034269e-01
9.998633800290974705e-01
9.852382594056783294e-01
9.798792157354937471e-01
9.993518433493494557e-01
6.810846651785678052e-01
9.873447783620921125e-01
9.744878362901153723e-01
9.985506353540611890e-01
9.292691002835934411e-01
9.193138417431195863e-01
9.994133546440978622e-01
8.710769633675969903e-01
9.923617837263133401e-01
9.112954958186166854e-01
5.307463957371120200e-01
9.942904839002041362e-01
9.992069676870626305e-01
9.047915613166727100e-01
9.992971361741503911e-01
9.876684977694298873e-01
9.661677452525201382e-01
9.902797204588918989e-01
9.085827337337792908e-01
9.990394439271165217e-01
