5.815367942431539511e-02
7.568045113452420009e-03
6.942629558516918986e-03
1.191913377706402613e-02
1.196261247547010693e-02
2.673266347024402453e-02
1.389486171511900361e-02
7.297345974865116587e-04
2.281718134704054796e-02
4.366540036109761366e-03
8.892822382604368206e-03
9.494563167186692576e-03
1.177903565838618605e-02
1.233513834011000510e-02
3.737964832901861066e-03
8.495847786102908583e-02
3.206949279360650235e-03
7.114814874265819149e-03
1.813183746974381463e-02
2.304356387517443074e-03
2.472604765658550658e-03
2.503862748167381969e-02
1.394242904405259588e-02
1.839855374157871662e-02
1.211746353506525792e-03
1.541508309783838800e-03
5.662569323743154789e-03
4.425071521070175762e-02
3.118728925039520108e-03
1.014456041399148800e-01
1.510286074844566923e-02
2.967562157487662645e-03
1.240002885246586353e-03
3.638431103055366888e-03
3.732145985758618389e-02
1.235170058565167490e-02
3.634723169395751019e-02
4.832867319739012069e-02
4.297644648484227892e-03
4.545505036241130788e-03
1.233428046784971685e-02
5.042854054019493999e-03
1.971300168674834132e-03
1.888570219292470126e-02
1.201310298445236110e-02
1.928413047160661142e-02
3.085640571025168727e-03
1.048183015998449801e-03
8.443251474912967167e-03
2.025163155991193398e-01
1.079227997310599867e-02
2.132541927633352027e-02
5.022551705375908823e-03
2.176836195062256674e-02
1.183665098903915330e-02
1.387133256960841957e-03
1.285055169982141955e-02
9.631196728252130329e-03
1.794683225019381642e-02
1.012753115186398878e-02
5.088166698445134931e-03
3.715120816078238547e-03
1.100986470319027799e-01
2.218445845232953351e-01
1.310428616563604209e-01
1.067298167399809289e-01
1.010300268994971384e-01
1.287798126300141455e-01
1.227279593300338312e-01
2.552194596378519198e-01
3.850152924857920267e-01
2.059248452271507379e-01
1.994639382356870050e-01
1.551530341204082342e-01
2.129128864623382744e-01
9.937784802763545422e-02
1.530748109965259229e-01
1.260210905208729859e-01
1.660371822831486488e-01
6.794644333734779773e-02
1.558236104288464041e-01
3.934581686321134697e-01
2.085016066823907055e-01
1.726944239102244927e-01
1.043714766336136385e-01
9.383364185718955086e-02
1.165395992994318064e-01
1.854625990267225466e-01
2.777898915828144188e-01
1.661340676177542053e-01
1.083265745384814627e-01
1.590842199019473213e-01
1.253252092911204818e-01
1.709810497131958873e-01
1.370610045600276217e-01
2.408657816751602343e-01
1.992406581593893777e-01
1.059235169984472369e-01
1.896692998797320229e-01
2.314288379633389348e-01
2.947418773116954327e-01
1.600548471476243573e-01
1.439221647928779491e-01
2.281070967483750933e-01
7.447481415394419102e-02
1.452105799991409429e-01
1.537650510201205023e-01
2.029673289184371898e-01
1.209990979649605281e-01
9.218949334373857663e-02
2.246484217012683082e-01
8.456776150458730767e-02
1.892591827144116945e-01
9.608383427786020003e-02
7.508648880499496636e-02
2.145702552582250955e-01
2.674651515462720952e-01
1.221499419409358828e-01
2.150388698418508326e-01
1.570394351636186792e-01
1.387507263905920496e-01
1.393184180708752773e-01
1.133480252061504628e-01
1.860190347226987062e-01
