1.200556259134108573e+07
2.830575978329396807e+06
2.053062263542534783e+07
1.606590965870120795e+06
4.786372886867282214e+05
5.704628238290006295e+06
6.889646223749764031e+05
4.824542562434419524e+05
1.908233364200399956e+06
1.133686210088808002e+05
4.192324391753309406e+06
4.966066436879648827e+05
4.190582686862386763e+06
1.848038772643247154e+06
1.463994475611228554e+05
1.168258703048524680e+06
1.590078022179466672e+06
3.150929253505917266e+06
4.079587856702301651e+05
1.231468308789551229e+05
2.118410660188714974e+06
1.182384674244688067e+05
1.183782520297863754e+06
4.788041394229753874e+06
5.789504038168097613e+05
9.576677655743325129e+06
4.096818602188589866e+05
1.099456863696976332e+06
1.744688650186915649e+06
1.470810588340699673e+06
4.952005736555793555e+05
3.469490871215072926e+06
5.676457256080468185e+06
2.496660156306991726e+07
4.651929182864336181e+05
1.463064383300582319e+07
7.776543218726536725e+05
1.288960823615129339e+06
4.543520621729925624e+05
1.017535997933846340e+07
2.685129324905063491e+06
7.236467475145778619e+06
4.601938527464258368e+05
2.037477725278489524e+05
3.453335675041541923e+06
1.084923131565880030e+07
6.564084177499774843e+06
3.445825831660663243e+05
9.953752187222128268e+05
1.477913482892588712e+06
1.528105964986535488e+06
2.279689071417387167e+05
4.057484384682282805e+06
2.185657424667539890e+05
2.127845129519437905e+06
3.524447260444520507e+05
5.847328706689376384e+06
4.575042719023885205e+06
2.960227904912818689e+06
6.967085687245992012e+05
1.098474577541455626e+07
4.080332445442839526e+06
3.986052377626759000e+06
3.188795704374333727e+05
3.458131059450748144e+05
2.808482322577591054e+06
3.830242096417798311e+05
1.382963068248912692e+07
6.571070136059302604e+05
9.053409076014289167e+05
2.675988129769219086e+05
2.525939691215155181e+05
3.449433579079170595e+05
1.607152995634620311e+06
7.998809465310422238e+05
1.960581506683038780e+06
8.546307345162840793e+05
1.070551611430391856e+07
1.948056136249454692e+06
3.754531246837659739e+06
2.220065782240349799e+06
7.460715734906158410e+06
4.392711526983892545e+06
8.100073430626813322e+06
3.010198016660163179e+06
3.101775246890563285e+05
4.325098680818752619e+05
9.321546757617675466e+05
4.434939584063917282e+05
1.482772779792685993e+06
8.790018163844719529e+05
2.237787931147151161e+06
2.913798984234912321e+06
2.158098769525780517e+05
2.969842007276890799e+05
1.970395600230321870e+05
4.728412493079625070e+06
1.979974388708081096e+06
1.152845316962988814e+06
5.435084545526757138e+05
1.659826959782412509e+06
3.156007203394707758e+05
3.472290997215975658e+05
5.756411244462355971e+06
6.790684091990469955e+06
1.080376502988700056e+06
2.615326270072941668e+06
2.730539229722974822e+06
2.601943802980648179e+05
6.459213569457834819e+05
6.699039858197052032e+06
3.389498557025563787e+05
8.309571233292307705e+06
3.907853731355205178e+06
1.556014171930758515e+06
7.607436581533586141e+05
5.325433146714220056e+05
2.419904653558112215e+06
3.747821389266606886e+06
1.439127524167393101e+06
8.534503556621477008e+06
1.468255285307366634e+06
3.825322839091826696e+06
1.700252883848883794e+05
7.238225751173307654e+05
3.115979373688152060e+06
2.617558580459118239e+05
7.606748232370567508e+06
1.574154945857953513e+06
1.604338452970762271e+06
7.581146199285624316e+05
9.451278269225077704e+06
1.160379197260302864e+07
1.817191537593537068e+05
1.530428753380961425e+05
7.232309913297549356e+05
1.108081766538674198e+07
1.406115487128007808e+05
2.084658609122625494e+05
4.757235949094392709e+05
4.300781868405720219e+06
2.674226724861816969e+06
2.653350151457656757e+05
3.634974138391652377e+05
5.174100486030539498e+06
1.337488461825483828e+05
2.413351052145316207e+05
3.474407091110215988e+06
1.905623240155487147e+05
1.563564471622338460e+05
3.702531117968412582e+05
1.343102250506969285e+05
2.401058174813541700e+05
1.259932378600335680e+06
8.208998427706453018e+06
7.418403160955614876e+05
9.062241287507008761e+06
5.473695433697836474e+06
3.092620217274860479e+06
1.036065651581368223e+07
1.974625958491464611e+06
1.461137558736372739e+07
5.369752188592805527e+06
5.574534017931726994e+05
1.031531430108771659e+06
1.835633975784420967e+07
6.598375697794211737e+04
2.303352491326066200e+06
1.118911749993708218e+06
4.045448423713780474e+06
1.157275811382867396e+06
1.377445097634017700e+06
3.982207360511097126e+06
1.278515627851423342e+06
5.428651277472674847e+06
5.490425596001147293e+06
1.506802832526268810e+07
4.159494323876701528e+05
5.511232768114862265e+05
2.270656698074670043e+06
2.109026452800045721e+06
1.902572070870680327e+05
3.337577381319014356e+06
1.027744469728268450e+06
8.822262426890974864e+06
3.704540488714444218e+05
3.313761357562514022e+07
5.372843871727030491e+05
2.769916045626673847e+07
1.133333976473123999e+06
2.084687124720760388e+06
3.286919525956848636e+06
3.829206653097315575e+05
1.150920187133640517e+06
6.972553070418025600e+05
5.107247172547726077e+05
9.407871386281680316e+06
3.055739034096196410e+05
4.350323049858196639e+06
3.139607445649290457e+05
6.134030374662170652e+05
2.071474672035067901e+07
4.362508482357235625e+06
7.369193446710801800e+04
1.566891557133098319e+07
4.429150487376655801e+05
1.968787159471440315e+07
5.697245727640390396e+06
1.225842467891630949e+06
1.558597893920932896e+07
1.821051489641824039e+06
1.797557995728420326e+06
1.044100703050991870e+06
4.722559979541682987e+05
1.787739563803246128e+05
8.154150435195805039e+05
1.519384938440447859e+07
3.139940581241386943e+06
1.958965162424222217e+05
1.226693975150943268e+06
8.752493168538395315e+06
8.847802390764515847e+06
5.683699607152969111e+05
3.348171630791021162e+05
9.110000466803578660e+06
1.806180212146147969e+05
4.498544811812887900e+06
2.720569362528874190e+05
2.253441918500639964e+06
1.806796917684578802e+06
1.116629192663691792e+05
1.322922693892192328e+05
2.600136129694927018e+06
6.821592418085510843e+06
5.022432597694322467e+06
1.636209207933179662e+07
3.604245027755526826e+05
1.368147799828156130e+06
2.579953202497706516e+05
5.624834216051992262e+05
3.173575437637850991e+05
9.583887974782821257e+05
2.181428031274957117e+06
6.549131232660267269e+05
1.331348216173873469e+07
5.726454303983698599e+06
1.160326243360275216e+07
1.426245406383115333e+05
4.015304327532366151e+05
3.277785717865580693e+06
