1.128717852854315140e-01
-8.786025693907610901e-01
7.544993703391384976e-01
1.593738509299241768e-01
8.569827941432881513e-01
2.765178145561530965e-01
1.616036736974114096e-01
9.298183462775746477e-01
9.919610863874948059e-01
8.816572059577354459e-01
1.029915855922772572e+00
7.787664443968774636e-03
-6.772094280923681708e-01
4.887214401641202244e-01
-1.136473494730729783e-01
6.463822480704077833e-01
4.656894174173567547e-01
7.497799912087828034e-01
-6.528419016382276396e-01
-5.690773717803168097e-01
-2.316783387601191180e-01
-5.682710834119966137e-01
1.281419119115376759e-01
-8.325204969742685535e-01
-9.135833241343389588e-01
-9.108193393911196978e-01
-5.506163770334104868e-01
-5.867420294393106417e-01
-6.133110326864894546e-01
6.808697294492596086e-01
5.097513798250146166e-01
1.059286849160280264e+00
2.015630330421132044e-01
-9.476261440528688240e-02
3.748339123002786266e-01
9.206562367531538893e-01
1.002103904842890358e-01
7.495659541190816677e-01
-4.777620609776427330e-01
6.824872628438842792e-01
-5.201614280870856533e-01
-1.569012063320016637e-01
-2.180318199402488943e-01
-6.130301148405412626e-01
3.688637356451671678e-01
9.357476583853039376e-01
7.394897841500424063e-01
4.497553344918280849e-01
9.203059789571541582e-01
-7.320623763858247202e-01
8.690436292142176278e-01
6.779930309229682539e-01
-9.198633193483818360e-02
-8.598227030310271607e-03
3.110366279470118123e-01
2.677211110196449639e-01
4.473783888281899768e-01
-9.942566653101883034e-01
-5.183727207622670363e-01
1.024491887518063304e+00
1.037869635027079296e+00
-5.483813149371243867e-01
-8.969824662549434890e-01
-2.627921009853686485e-01
8.821609539017458701e-01
5.522054299023420043e-01
8.973083096953877735e-01
-5.584730907399053645e-01
5.350337836173695294e-01
6.607217891340813054e-01
-6.650366892142542952e-01
1.244561016157824107e-01
-8.909614677854289511e-01
9.358778323939827004e-01
7.063108031405924692e-01
5.430135285479150697e-01
2.853690108859792685e-01
-9.478587568492942150e-01
2.328278737470769189e-01
1.147216372604263346e-01
2.116375172029516527e-01
-7.167712665362735436e-01
-9.249301804985741171e-01
5.488539993019614371e-01
-1.932463936694315265e-01
-8.458850707343334996e-01
-2.586093840233232299e-01
7.563953826428502225e-01
9.123295701672233804e-01
-4.993063452182902040e-01
-7.953794783159189308e-01
-3.766062530224871807e-01
8.695184130839304082e-01
3.552748692153842591e-02
1.057574759859963409e+00
2.248451836602853859e-01
-8.763423434979689119e-02
-8.751001842057983815e-01
-9.845812143736479838e-01
6.841048570786349980e-01
-7.645767596787518272e-01
6.308163394192103923e-02
9.130504691891526692e-01
3.061040103096642206e-01
8.013395958833187116e-01
-9.791399262461975006e-01
-5.515919499005070836e-01
-2.704720596422305334e-01
7.546908664748528395e-01
-8.092745005816510684e-01
4.448485282655667561e-02
-8.880827438923399875e-01
4.949296084623391323e-01
6.769527155860963763e-01
-9.128144064470014030e-01
-8.964110229676114372e-01
4.041026092463749775e-01
1.149506285224433100e-01
4.039584051589883984e-03
5.127154094057040368e-01
-4.341715981880014397e-01
1.862092281686756889e-01
2.041879073350472140e-02
-3.285379467958122746e-01
3.055276777714537317e-01
-2.559600306316021090e-01
-4.197806381652338104e-01
5.987961187830278531e-01
-7.943543381171389584e-01
1.053776934988753355e+00
1.783133761898205716e-01
1.554559378537052616e-01
-3.283140269363720165e-01
2.052158582296748079e-01
4.491976060380567515e-02
1.462033375015388270e-01
-9.356877161634544748e-01
-8.247470137360135567e-01
9.102449628621060995e-01
1.026582861134463620e+00
-5.973163230593385720e-01
-9.747447408746507946e-01
7.157163812117101065e-01
8.576152467844053717e-01
-5.514188389493979159e-01
-7.207485272455187442e-01
2.680612294083658531e-01
-7.093745091027239269e-01
-7.591938601528727126e-01
4.082553006715947674e-01
-9.853975605035252272e-01
-7.739555654318159839e-01
4.831726780359133500e-01
5.290849021151338150e-01
9.313304355785088084e-01
-7.190956477006800185e-01
-6.269654025680324594e-01
4.851354575894199495e-01
4.659932890639133518e-01
2.730176336564974493e-01
9.538825963613817294e-02
-2.394386548586346919e-01
9.797815045335467321e-01
6.645270457861515712e-02
6.153249177647204249e-01
-9.317982510091171733e-01
-6.948467575905645788e-01
-3.008789422383770784e-01
9.425318768936271629e-01
-6.724345646838578716e-01
1.627475589276983214e-01
8.861893381960143090e-01
5.126162222081305231e-01
4.574917787588335116e-01
7.819842776826457786e-01
-7.106431986743793061e-01
-1.916562874376861458e-01
7.534745872532930822e-01
-1.344748840049687644e-01
-6.708886636249973279e-01
4.450276657862603513e-02
3.300845806268917215e-01
-6.354322552496096677e-01
7.562689265095328128e-01
2.546356265892555371e-01
-8.420310856714796621e-01
-9.555837796310289178e-01
4.196287920479289113e-01
-6.365406748776436530e-01
2.939017104531785884e-01
7.735346267750635718e-01
-9.718890132743958077e-01
3.302352775904893178e-02
8.225236740301404836e-01
6.862268197774348266e-01
3.015216248422181167e-01
1.364432649846213375e-01
-5.928198080722513197e-01
3.132801851386481928e-01
1.038496552847682608e+00
